1
177
9
229
133
164
231
-55
228
306
15
-120
-4
221
153
116
224
88
232
235
231
259
263
310
194
258
197
200
226
43
-4
177
279
165
270
176
204
229
251
-49
283
227
108
177
215
147
93
212
177
236
115
252
226
96
-9
114
-37
182
-16
133
120
100
130
249
7
313
220
263
186
255
59
287
123
-150
112
117
-49
274
142
23
277
319
304
131
346
224
253
181
209
-4
-22
219
246
37
209
203
200
126
-53
264
183
260
188
62
110
239
24
145
26
107
272
237
-82
-33
86
58
274
299
77
-5
188
-45
220
320
279
5
239
296
110
303
-2
169
166
153
254
183
-168
287
207
23
134
135
57
233
101
132
241
-196
136
101
1
275
-81
92
201
166
154
257
17
221
253
156
-42
141
62
121
67
270
60
-163
107
-158
48
186
240
165
-77
253
223
54
286
172
232
-20
191
229
150
15
246
269
319
324
152
95
316
5
251
141
330
201
160
249
295
290
50
6
242
255
-7
-11
123
230
6
307
28
252
164
119
271
59
280
35
-70
299
36
316
141
147
96
278
208
236
107
272
234
114
-11
328
164
148
146
-2
218
303
62
-29
29
215
2
14
213
206
-10
245
-79
278
62
365
114
58
373
131
162
12
236
203
306
88
151
34
182
276
200
120
94
202
217
152
168
228
177
-30
257
-10
6
43
-116
43
116
237
184
175
78
83
93
-124
221
284
278
192
217
257
74
191
150
217
-152
104
-139
215
38
219
318
215
146
118
88
129
178
103
152
-277
-31
59
1
292
-250
183
303
137
19
134
15
175
187
-61
60
244
200
89
53
74
101
-7
221
269
5
135
261
94
360
260
213
267
147
162
232
182
140
215
278
265
101
193
18
196
240
-23
-107
-267
257
0
-7
318
-18
310
234
164
72
147
9
210
150
-19
181
204
156
-41
158
92
180
95
42
-222
86
202
161
-30
125
164
6
113
-336
-68
-313
160
-143
12
-55
209
108
189
-77
-180
212
60
125
-3
61
240
266
168
146
122
208
298
163
24
-277
-76
140
125
21
62
195
183
203
259
235
-174
-324
92
209
27
-173
382
203
190
110
341
-107
203
250
251
163
190
270
200
206
251
-62
174
130
91
-217
206
181
-13
-95
91
221
275
230
-23
-119
249
138
-251
214
-51
208
95
-135
-44
103
127
-117
-84
225
39
-39
59
278
209
13
147
249
243
-193
227
213
151
307
-50
170
136
195
199
177
315
-29
26
142
27
212
233
231
223
165
210
1
60
246
11
-106
118
-256
158
-53
94
183
233
-15
328
82
127
212
248
33
-506
207
235
234
-23
52
156
38
49
-90
37
266
69
220
-127
209
204
187
-159
59
-350
77
117
-185
138
208
218
95
232
114
-129
-98
-62
107
223
186
151
-7
34
-39
130
118
-139
303
179
15
-166
-110
84
201
46
85
198
111
76
154
159
262
67
-176
-181
-93
173
93
-242
186
149
222
247
-22
35
108
-61
248
239
-45
51
13
271
-25
183
118
287
104
268
39
271
-263
-38
-15
-140
256
-44
90
128
37
80
165
185
-11
-85
138
327
227
86
72
-15
151
282
47
-62
-74
114
-107
70
-31
148
-281
227
103
355
16
118
-30
-28
-8
160
-362
201
-36
-58
15
213
276
342
9
8
-57
-25
-162
150
276
260
58
6
209
218
16
3
290
240
123
115
294
186
-59
-25
-152
-9
1
-81
321
254
-129
214
205
242
171
249
-87
171
245
242
140
150
-227
35
180
11
230
-130
374
213
-289
166
244
102
98
145
-256
-77
240
47
-227
102
-63
109
-20
-308
44
144
87
-83
215
215
112
127
-273
36
345
104
194
-129
161
167
301
-21
66
67
254
190
198
206
-4
131
51
214
-103
87
124
170
161
183
235
241
79
66
38
-151
147
211
335
-41
219
157
-1
122
42
-51
144
194
-67
201
196
-261
47
182
3
108
96
133
42
-85
134
181
310
1
175
151
259
-59
91
188
6
-16
302
58
285
20
67
-15
88
236
319
69
-287
32
-40
-438
176
168
223
344
207
119
296
69
8
72
80
-137
-1
-55
-8
-55
-19
109
287
66
-146
183
353
297
20
80
99
-42
70
215
-96
-9
109
241
174
-135
91
104
152
326
45
102
-294
-79
90
16
240
317
251
-21
305
-42
45
107
260
-107
93
-149
301
28
113
190
142
27
56
52
51
158
-90
-97
59
-163
37
-33
145
123
16
162
220
155
299
-69
87
130
-109
-19
31
-27
-240
246
-157
198
310
-44
79
-27
17
49
215
12
305
74
-38
155
187
210
145
135
136
-125
80
208
322
54
307
-257
208
-59
177
-28
367
-28
239
-113
22
308
-32
104
-20
-91
168
225
-79
204
236
24
-22
-86
87
186
-38
161
267
167
243
134
162
76
32
141
193
-79
-142
195
104
72
182
323
1
-93
140
200
90
33
258
136
-10
202
104
-613
-20
273
-52
10
150
37
-392
164
196
147
110
-73
-89
228
312
-56
-9
181
-107
-34
-99
46
55
-50
259
-85
-30
56
88
162
169
68
-216
256
-51
11
-32
64
-24
-297
56
-27
177
112
82
246
147
-22
92
-101
230
126
70
272
263
15
308
-11
-45
-116
159
231
32
300
-256
118
238
17
-11
-52
70
274
-140
-19
57
-33
-306
-119
-237
98
-259
-85
-84
-251
102
151
18
186
159
-46
20
212
164
87
-392
161
164
114
-36
266
-12
-132
396
-37
136
57
-32
286
-7
-125
176
97
264
103
-35
148
-17
-303
-56
130
49
88
-188
142
-86
-12
190
101
-208
182
55
-14
243
162
507
72
47
183
291
119
212
-55
278
57
76
193
181
44
157
283
-340
103
178
-100
-24
20
-159
279
141
-188
285
58
-13
260
-281
61
171
100
-89
132
305
-85
-67
346
288
138
-603
-338
73
125
302
146
239
-198
230
200
201
341
82
-23
193
347
-98
-398
84
-40
81
-4
268
180
-98
47
80
92
183
98
175
312
312
-76
85
93
308
-149
295
-52
63
39
-9
-73
281
-45
53
235
174
-226
201
250
182
53
335
48
228
104
15
118
288
267
167
135
329
83
124
-17
160
136
-13
-61
372
47
-392
237
3
114
192
151
-45
-12
-103
10
36
95
305
6
-214
322
127
395
-323
16
-46
-312
26
199
56
145
211
301
-104
-196
7
216
272
91
86
256
474
49
102
352
-17
229
150
89
-126
-131
134
249
-153
-412
324
89
201
87
15
-84
-298
260
360
141
71
126
246
238
36
-73
11
90
38
52
-365
256
69
148
216
-365
352
-28
189
196
194
118
281
258
-69
86
-189
152
-188
148
35
168
-241
-62
196
30
296
59
-4
-19
-22
166
205
-18
-34
-65
-176
73
-154
193
-36
18
-39
141
179
200
170
23
-125
128
135
75
201
65
-385
122
68
-99
46
-39
-231
-142
290
-123
-136
-176
-312
138
234
-240
118
-89
79
-393
58
-160
350
112
461
91
232
100
-113
-307
50
197
46
153
214
40
-70
144
306
230
232
-525
177
287
68
51
36
-80
13
-119
25
6
272
85
40
94
99
149
-45
-39
129
-109
-116
401
-52
163
-6
310
104
92
246
-28
-27
115
69
46
194
-139
-27
111
167
-33
82
-34
150
-247
97
209
21
140
-151
-36
-296
281
-164
-191
159
51
3
396
312
210
196
141
-39
-236
-1
154
335
90
74
123
-306
-128
225
15
-27
153
-345
75
-112
-11
-61
-15
246
-65
-66
195
163
-62
-50
127
-82
184
-349
291
179
53
99
70
-46
256
116
-30
-156
197
101
308
21
116
162
167
-39
350
41
-15
7
-26
104
-452
88
146
67
157
123
179
-21
141
-18
233
-101
-507
328
247
-124
120
363
-87
-16
-288
38
-28
232
-27
34
-1
114
-188
-351
81
351
-203
44
167
159
-427
16
-322
242
163
153
-223
-175
17
-2
127
-158
213
28
-65
124
65
14
170
77
150
104
-153
82
187
-263
95
-112
79
334
-21
176
233
259
9
-168
77
6
-119
-28
235
220
199
131
357
-1
102
466
274
139
579
-11
176
80
138
-312
-172
-246
76
7
-74
203
399
-273
258
-301
185
12
184
161
316
-28
112
329
228
163
-37
267
-48
86
141
73
340
249
313
-32
176
138
-166
134
45
-68
123
-50
6
-43
-76
-1
-8
133
83
74
50
-39
-1
104
132
-361
20
-115
341
83
178
143
-20
-21
-102
238
-32
150
269
196
335
-84
-102
200
124
203
29
47
-100
269
189
186
-228
236
66
266
-1
-142
248
-67
131
9
-146
-45
-277
141
147
60
-217
203
-78
354
-243
-49
119
-227
-287
-75
36
-78
68
115
198
34
-243
117
123
216
25
176
355
80
35
70
154
254
64
69
-266
-7
-164
399
32
295
289
183
79
-39
-247
12
-4
81
198
-199
-179
145
201
82
75
-208
142
287
213
129
25
230
-409
-14
134
-328
19
-161
195
157
286
207
204
59
237
174
147
308
307
128
-1
-11
-219
39
-157
220
111
204
-56
60
246
71
382
26
-218
169
99
201
139
-120
73
36
323
229
-81
-29
217
255
7
122
114
44
-15
-142
45
-52
103
14
85
-84
-189
-93
145
46
132
197
144
37
-143
-24
133
118
-139
292
97
-104
-138
-325
-132
62
-58
157
302
15
161
-68
368
47
-124
314
-17
384
370
98
205
-107
-35
335
-32
35
241
-277
189
156
160
-104
-158
-60
321
-201
64
-60
31
323
-167
300
237
46
-113
290
13
30
-8
-135
40
221
339
158
-9
-111
0
-126
-117
-30
-9
-247
13
-31
166
164
-83
-95
260
-259
-142
-258
-45
64
156
-103
-208
295
-115
-86
-164
188
62
43
-36
-96
16
18
-40
-398
21
-153
-120
-281
110
-10
130
233
38
139
153
-130
-195
-235
-151
23
110
-107
163
152
314
18
-214
-67
201
152
-140
-262
181
136
-8
135
150
-163
-3
-39
32
-54
141
66
-147
310
139
-119
205
206
87
165
79
-63
230
-22
-90
-147
78
-333
235
-127
11
0
